507
4664
9886
10037
13213
13214
13216
15647
16101
18208
19519
20203
22610
25831
28374
33803
33804
33808
33809
33813
33817
37701
41024
43268
46206
47058
52680
52681
52684
52685
52686
52689
53763
53764
53765
53767
54950
54952
54953
54954
58086
58088
58091
58092
58093
58096
58097
58098
59061
59062
59063
60418
60419
60420
61519
61520
63889
63890
63891
63892
63893
63894
63896
63897
65125
66693
67278
67279
68472
69538
69540
69542
69546
69549
69551
69552
69554
70244
70433
70436
71159
71160
71161
71172
71174
71177
71178
71179
72398
72399
72401
73449
73825
74867
76188
76189
76191
76192
76193
76195
76606
76881
76982
82550
82684
83936
83939
85330
86718
87272
87524
87526
87527
87528
88076
88079
88089
88090
88091
88093
88095
88099
88101
88102
88105
88109
88111
88112
88114
88115
88117
88118
88123
88125
90654
90655
90657
91133
91137
91231
91465
91469
91470
91472
91473
91538
92286
92863
94326
94329
95309
95310
95311
96536
96549
97100
98745
98922
100137
100420
100422
101392
103611
103944
103947
105575
105577
105578
105579
105581
105582
105583
105585
105587
105589
105592
105594
105599
105605
105608
105875
107232
107233
109927
109929
110105
112124
112830
112834
112835
112837
112838
113021
113436
116216
116217
116218
116219
116220
116221
116222
116223
116224
116226
117609
117831
117833
117834
117835
117836
117838
119337
119342
119730
119909
120081
121049
121737
122820
123068
123072
123075
123083
125826
125827
125828
125830
126579
126582
126587
126589
126592
126595
126596
126598
126852
128232
128234
128644
129351
129353
129356
129359
129360
129364
129644
129645
129646
129648
129649
129651
129652
130775
130778
130887
130888
130890
130891
130902
131054
131058
131059
131061
131062
131270
131275
131852
131853
131854
131864
132018
132020
132032
132566
133082
133083
133087
133088
133092
133093
133095
133096
133741
133742
133746
134248
135127
135130
135138
135139
135141
135724
135725
135728
136037
136038
136039
136967
137402
137405
137413
137416
137417
138506
138531
138533
138666
138667
138668
138674
138675
139109
139110
139112
139113
139114
139115
141507
141509
141510
141511
141577
142208
144169
144176
144180
144181
144183
144184
145411
145586
145587
145588
145589
145590
145592
145593
145594
145595
146989
146990
146992
146993
146994
147357
147358
147894
147901
147903
147904
147909
148468
148469
150357
152384
152385
157863
157867
157868
157870
157871
158042
158156
158305
158774
159897
161493
162183
162713
163382
164334
164335
164339
164341
164994
165978
165982
165983
165985
165986
166056
166057
166058
166059
166060
166061
166062
166063
167754
171241
171246
171248
171293
171815
171816
174685
174840
175696
175698
175700
178104
178106
178758
178899
178900
178901
179987
183180
183988
187041
187488
188608
188609
188610
188611
188612
188613
189810
189817
189930
190068
190069
190070
190071
190074
190076
190077
190078
190083
190084
190568
190576
190939
195629
197449
197830
198012
199045
200981
201027
201029
201101
201102
201103
202208
202211
202213
203669
205107
205109
205948
207796
207803
207842
207849
208247
208248
208249
208250
208253
208254
208255
208679
209961
212329
212330
212335
212338
212602
212615
212616
212621
212622
212624
212634
212675
212688
212689
212694
212695
212697
212706
213120
213133
213134
213139
213140
213142
213152
213153
213730
214798
214903
214954
214990
219881
223085
223852
225416
226076
226156
226159
228482
232351
233868
234191
234324
235034
240633
244583
245392
251405
270035
273019
273301
277655
